288
313
338
362
387
390
379
364
353
349
346
346
347
347
348
353
357
362
367
374
382
392
403
417
432
449
469
490
5123
535
558
597
577
563
599
676
706
682
708
764
778
760
813
920
924
880
903
938
947
927
896
896
931
969
997
1017
1016
1005
1013
1008
994
1013
1006
984
980
967
966
984
977
942
945
933
917
928
920
905
886
890
941
961
945
961
956
945
936
926
918
910
903
897
891
886
883
880
878
876
874
872
870
868
865
864
862
860
858
855
854
852
850
848
846
844
842
841
839
837
835
833
831
830
828
828
826
825
823
821
821
819
818
816
814
814
812
811
809
807
807
805
804
801
801
800
797
794
791
789
786
783
781
778
776
774
771
769
767
765
763
761
759
758
756
754
753