1400
1500
1600
1700
1800
1900
2000
2100
2200
2300
2400
2500
2600
2700
2800
2900
2940
2980
3020
3060
3100
3140
3180
3220
3260
3300
3340
3380
3420
3460
3500
3540
3580
3620
3660
3700
3740
3780
3820
3860
3900
3940
3980
4020
4060
4100
4140
4180
4220
4260
4300
4340
4380
4420
4460
4500
4540
4580
4620
4660
4700
4740
4780
4820
4860
4900
4940
4980
5020
5060
5100
5140
5180
5220
5260
5300
5340
5380
5420
5460
5500
5540
5580
5620
5660
5700
5740
5780
5820
5860
5900
5940
5980
6020
6060
6100
6140
6180
6220
6260
6300
6340
6380
6420
6460
6500
6540
6580
6620
6660
6700
6740
6780
6820
6860
6900
6940
6980
7020
7060
7100
7140
7180
7220
7260
7300
7340
7380
7420
7460
7500
7540
7580
7620
7660
7700
7740
7780
7820
7860
7900
7940
8000
8100
8200
8300
8400
8500
8600
8700
8800
8900
9000
9100
9200
9300
9400
9500
9600
9700
9800
9900
10000